module.layer1.0.conv1.weight: tensor([ 4.58, 10.77, 11.14,  5.49, 10.73,  7.16,  8.51,  6.20,  4.53,  7.82,
        12.71,  4.12,  3.78,  9.44,  5.76,  6.91], device='cuda:0')

module.layer1.1.conv1.weight: tensor([ 2.79,  4.19,  6.82,  3.83,  6.43,  5.78,  9.01,  6.28,  7.95,  4.33,
         2.65,  2.41,  4.30,  6.60,  5.11, 11.38], device='cuda:0')

module.layer1.2.conv1.weight: tensor([ 4.97,  8.04, 13.32,  6.04,  9.47,  5.72,  8.10,  7.79, 11.21,  7.43,
         6.71,  7.11,  7.73,  6.06,  4.66,  5.96], device='cuda:0')

module.layer2.0.conv1.weight: tensor([2.14, 3.37, 5.07, 5.84, 4.25, 4.24, 3.19, 3.89, 2.73, 3.93, 1.81, 5.24,
        2.31, 3.65, 3.98, 5.90, 4.01, 5.26, 4.10, 4.93, 4.71, 4.40, 2.66, 2.18,
        3.18, 4.93, 4.99, 5.27, 4.50, 2.88, 3.05, 3.28], device='cuda:0')

module.layer2.1.conv1.weight: tensor([14.37, 17.78, 13.21, 16.26, 14.62, 16.44, 17.96, 19.28, 19.02, 14.72,
        14.48, 17.83, 16.37, 15.87, 15.76, 14.10, 14.34, 13.70, 15.42, 14.27,
        12.98, 14.16, 17.22, 15.25, 18.35, 17.37, 14.41, 15.47, 13.99, 16.73,
        15.91, 20.63], device='cuda:0')

module.layer2.2.conv1.weight: tensor([ 4.74,  6.43,  4.68,  6.10,  4.13,  6.24,  4.17,  3.37,  4.95,  5.29,
         3.52,  6.51,  4.11,  7.12,  8.07,  6.17,  9.61,  2.54,  5.38,  8.84,
         8.90,  5.08,  8.02,  8.26,  6.89,  6.33,  7.03,  9.04,  6.86, 10.44,
         6.79,  3.34], device='cuda:0')

module.layer3.0.conv1.weight: tensor([2.94, 2.45, 1.72, 3.80, 4.60, 5.42, 4.30, 4.23, 4.63, 5.53, 4.36, 3.93,
        2.20, 2.90, 4.47, 4.03, 4.27, 4.47, 4.20, 3.70, 3.88, 3.22, 2.97, 5.64,
        1.96, 4.81, 3.35, 6.17, 5.23, 3.53, 5.32, 2.35, 2.46, 6.10, 2.83, 4.32,
        2.39, 3.37, 3.06, 3.16, 4.22, 4.10, 6.51, 4.16, 5.30, 3.90, 2.21, 4.26,
        3.29, 4.60, 6.36, 2.45, 3.50, 1.85, 4.14, 3.66, 3.22, 3.99, 3.96, 4.28,
        5.67, 2.29, 2.35, 4.25], device='cuda:0')

module.layer3.1.conv1.weight: tensor([10.15,  7.49,  9.98,  9.17, 11.67,  9.99,  9.72, 12.58,  8.72,  7.23,
        11.15, 10.22, 10.95,  9.50,  8.89,  8.58, 10.63,  6.73,  9.67,  9.36,
        12.65, 11.00,  9.06,  9.10,  9.53,  7.94,  9.28, 10.90, 13.65,  9.50,
         8.66,  8.27, 11.49,  9.22,  9.10,  9.97,  7.83,  8.06,  8.86,  9.24,
        10.52,  8.05, 12.60,  9.41,  9.20,  7.68,  8.98, 11.32, 10.97, 10.47,
         9.94, 10.78, 11.42, 11.21,  6.22,  9.79,  8.45,  9.58, 10.32,  8.52,
         8.55,  9.10, 11.49,  9.47], device='cuda:0')

module.layer3.2.conv1.weight: tensor([20.13, 19.75, 20.49, 19.30, 17.28, 19.08, 18.55, 20.17, 21.32, 21.51,
        18.92, 20.41, 21.44, 18.67, 18.97, 22.52, 20.75, 20.32, 21.32, 23.57,
        22.45, 17.99, 23.58, 20.11, 19.12, 22.42, 20.61, 22.89, 22.34, 18.00,
        22.25, 19.36, 19.49, 19.20, 17.89, 19.35, 19.19, 19.25, 19.27, 18.97,
        19.02, 23.70, 22.94, 21.46, 17.86, 18.36, 17.27, 19.41, 19.42, 17.92,
        19.33, 22.77, 19.39, 18.21, 19.64, 21.04, 21.01, 20.14, 23.44, 24.02,
        17.63, 21.23, 21.59, 18.85], device='cuda:0')

