module.layer1.0.conv1.weight: tensor([7.46, 5.63, 1.58], device='cuda:0')

module.layer1.1.conv1.weight: tensor([1.52, 0.57, 4.80, 2.80, 4.92, 0.13, 0.75], device='cuda:0')

module.layer1.2.conv1.weight: tensor([2.47, 6.38, 4.33, 4.61, 0.74, 5.60, 2.40, 1.15, 3.92, 3.26, 3.09, 5.28,
        2.39], device='cuda:0')

module.layer2.0.conv1.weight: tensor([3.72, 2.71, 2.97, 3.28, 4.56, 3.99, 1.43, 4.23, 2.64, 0.93, 3.55, 2.39,
        4.29, 4.20, 4.45, 2.85, 2.61, 0.52, 2.86, 0.62, 1.31, 4.33, 1.88, 4.89,
        1.71, 3.50, 3.27, 3.46], device='cuda:0')

module.layer2.1.conv1.weight: tensor([19.15, 20.97, 17.06, 23.40, 17.23, 21.19, 20.72, 17.89, 22.42, 17.07,
        23.30, 18.88, 19.65, 17.77, 16.86, 16.76, 24.11, 15.48, 23.08, 23.08,
        23.68, 22.75, 17.49, 21.99, 21.22, 20.39, 15.55, 20.03, 25.40, 19.92,
        19.51, 16.28], device='cuda:0')

module.layer2.2.conv1.weight: tensor([2.90, 1.33, 2.68, 3.52, 2.53, 4.52, 4.99, 3.51, 3.11, 1.74],
       device='cuda:0')

module.layer3.0.conv1.weight: tensor([2.59, 3.21, 3.82, 1.24, 2.03, 4.98, 3.98, 3.09, 3.64, 1.55, 4.65, 4.58,
        4.13, 4.64, 2.50, 5.30, 3.90, 4.07, 2.29, 2.76, 1.56, 2.87, 1.70, 2.67,
        4.34, 4.84, 3.63, 4.07, 1.06, 5.41, 2.75, 3.91, 3.44, 4.21, 4.07, 3.21,
        3.12, 4.26, 4.37, 4.50, 3.95], device='cuda:0')

module.layer3.1.conv1.weight: tensor([ 8.62,  8.15,  8.14, 10.44,  7.02, 11.89,  8.34,  8.35, 11.48,  7.77,
         7.07,  6.24, 10.30, 12.00,  9.19,  9.96, 12.54,  9.71,  5.17,  8.54,
         3.97,  5.37,  6.04,  8.79,  9.64,  7.86,  8.70, 10.02,  6.75, 10.68,
         7.44,  4.07,  7.97,  8.49], device='cuda:0')

module.layer3.2.conv1.weight: tensor([20.36, 21.66, 21.67, 25.09, 31.72, 20.05, 24.95, 20.88, 22.92, 24.51,
        23.43, 26.84, 24.80, 31.05, 34.74, 34.92, 28.45, 28.64, 24.41, 21.15,
        22.08, 23.08, 35.87, 20.34, 22.95, 20.85, 24.54, 27.40, 33.01, 26.44,
        26.44, 25.74, 30.64, 21.36, 26.31, 23.72, 17.55, 21.34, 24.32, 10.83,
        22.25, 28.75, 35.83, 26.80, 28.90, 22.48, 16.95, 31.30, 28.29, 22.91,
        22.33, 28.92, 19.03, 16.34, 28.58, 21.84, 25.31, 15.78, 22.40, 26.99,
        29.54, 19.49, 26.99, 22.64], device='cuda:0')

